7 282 8517 114036
10 199 5457 74138
63 198 5091 69746
86 340 10361 139508
1072 147 3344 45993
1150 150 2835 37683
3294 263 7704 104278
3631 238 6730 90483
3685 213 6022 82966
4591 192 5050 69642
4794 226 6244 84515
5179 324 9819 131269
5482 164 4281 58372
5548 246 6722 91630
6240 224 6228 84926
6581 199 5279 71896
6693 194 5038 69280
6751 234 6765 91668
6918 220 6535 89234
7107 248 6945 93967
7239 261 7499 102115
7477 267 8069 108009
7660 349 10384 140626
8323 204 5710 78546
8534 334 9984 133736
9209 161 3870 53142
11114 131 2883 38769
12249 186 4884 66116
12319 234 6696 90014
12795 234 6805 93657
13752 216 6195 84723
13765 228 6573 88313
14621 235 6506 88246
14676 149 4017 55149
15164 229 6208 84781
15939 318 9551 127089
16508 178 5029 69505
16575 267 7631 103352
17277 220 5909 80516
17708 219 6236 85547
18512 255 7335 99766
19146 221 6781 92931
19152 219 6373 87304
19444 208 5971 81453
19763 228 6535 89741
19837 206 5734 76827
21927 350 10568 140863
23017 198 5155 69698
23219 301 8768 118895
23444 261 7596 104152
25146 181 4555 62663
25599 266 7869 107186
25790 193 5242 71643
25856 247 7309 99298
27188 221 5849 79611
30108 283 8347 111494
31235 238 6610 89225
31647 227 6502 89588
